28186   35627
51854   34597
19211   51032
79370   53096
68126   40302
43284   25771
80565   99650
83151   70796
91092   74579
70740   98650
45166   53096
24309   45165
62950   26641
23291   91017
56683   53851
22308   81625
83150   34155
87443   91017
56834   91784
35159   67595
10722   83450
92257   23419
15995   96671
89901   39216
25104   76669
37075   56652
15874   66083
33493   35627
87420   31838
11269   91386
92604   83450
34888   99650
49759   40926
38211   27379
93866   22096
88205   66217
55772   60776
83556   78255
22292   50829
22487   78358
27260   79702
74570   90319
27532   14353
40720   67595
99885   65688
25733   53752
12466   14411
88402   40165
63328   13804
45165   62461
24913   94225
32251   76669
91004   40165
48939   45165
98082   34561
74569   42932
99641   54600
42748   22021
23376   54490
38706   69865
64985   87783
14431   78715
37671   94814
27425   60776
21801   76669
96975   33493
56680   31838
41265   71129
99081   32487
53077   82615
54490   55624
22649   60776
82601   25943
93133   96412
77182   78358
67827   76838
45976   89107
20352   89034
28891   23800
87739   76669
47802   99650
18060   28437
65882   93980
53343   13764
84301   93604
62547   93479
79067   45165
70139   54490
28158   76669
71631   39775
36521   57540
78928   37888
75943   39076
28462   60107
95828   94225
49768   73181
40545   97945
18963   74260
17934   63046
73054   13454
43170   60924
90257   28180
99765   33493
41380   50296
24225   62945
66579   73961
73361   54622
26339   91017
84080   62041
89322   54600
84610   18344
58420   87051
12253   83450
25631   91017
71764   63533
52908   40165
56578   46636
99876   61946
43934   64469
78242   11111
97629   28916
21477   91017
97639   64456
90978   53077
94412   73836
49249   96113
92750   14411
12961   13764
84319   22230
83435   78146
48951   86109
40258   13764
54600   65577
51432   53096
11527   20394
68196   94225
14939   91017
13158   39216
62120   93587
20939   71764
58436   28038
37198   31838
59152   17554
52958   44145
64236   18285
63763   56578
40304   99650
86564   78910
45684   52760
43139   61946
99974   76669
44698   86004
19940   22021
29106   78358
60431   91386
50880   76451
96595   42193
40966   73961
64515   61946
31081   39834
87614   70892
82663   54622
73537   62994
14125   56652
51361   35627
26084   35817
82915   20069
72409   22021
22834   20071
93476   83787
63719   53096
41505   48056
56055   20404
37255   99650
33468   60776
70472   22598
66290   53077
91071   67595
30888   33173
60826   29871
12334   78358
62744   69424
85449   79500
22333   16295
67621   18455
12605   90059
32490   25835
96639   75870
82412   39747
76964   60153
60776   60776
68837   39216
35635   67595
85239   14964
15278   83450
63581   35178
77006   18285
88570   80424
61499   81689
57466   47392
78524   84304
11821   53989
62425   28916
36264   50872
38567   13061
16357   45165
17202   94451
64290   31838
76075   55071
87325   40165
93961   99650
49866   65601
91725   14411
44721   18285
44065   33493
22521   56578
28070   54600
45621   54600
54677   26913
79647   24298
89613   31415
86493   13764
16243   64218
12832   21187
43847   35189
75859   54600
69276   75826
43251   14411
96012   41446
35482   35817
45380   82383
66801   31838
79199   92341
33087   70511
40619   28916
67655   80670
22431   60776
62731   54622
29873   25771
99354   63481
36415   61946
29742   94919
64872   53077
93028   55635
32784   18285
87488   68734
56652   18285
49968   80712
82653   53096
30377   24784
40120   45165
88404   70120
69179   45165
99645   67595
44883   45165
76320   43595
29057   90019